0
0 2522.0 4167.0 2669.0 4169.0
0 2062.0 3671.0 2064.0 3832.0
0 1764.0 2804.0 1884.0 2804.0
0 1764.0 1870.0 1882.0 1871.0
0 1960.0 978.0 2032.0 1043.0
0 1538.0 236.0 1538.0 349.0
0 772.0 229.0 775.0 364.0
0 618.0 1258.0 726.0 1259.0
0 424.0 1742.0 553.0 1742.0
0 426.0 2534.0 543.0 2536.0
0 423.0 3915.0 539.0 3915.0
0 421.0 4765.0 536.0 4766.0
0 1617.0 5412.0 1621.0 5536.0
0 2532.0 4709.0 2649.0 4710.0
4 0.0 0.0 1255 144
4 0.0 145.0 141 253
4 0.0 407.0 143 910
4 0.0 1318.0 142 912
4 0.0 2237.0 147 913
4 0.0 3153.0 147 881
4 0.0 4039.0 146 912
4 0.0 4954.0 146 663
4 0.0 5622.0 291 139
4 146.0 2176.0 269 271
2 183.0 1331.0 109 84
6 201.0 2500.0 53 64
6 202.0 3304.0 33 22
6 204.0 5195.0 47 54
6 219.0 1466.0 48 48
6 237.0 3287.0 23 4
6 252.0 3332.0 22 211
6 253.0 5248.0 23 208
6 254.0 2562.0 19 210
6 266.0 1426.0 49 46
6 285.0 3582.0 72 36
6 285.0 5497.0 73 39
6 287.0 2814.0 70 35
4 292.0 5630.0 1234 127
6 296.0 1502.0 216 30
6 317.0 2592.0 61 60
6 320.0 3357.0 54 61
6 322.0 1369.0 47 61
6 322.0 5276.0 54 65
6 382.0 1339.0 63 69
6 475.0 1401.0 74 44
6 481.0 2400.0 62 31
4 547.0 2174.0 708 273
2 567.0 2875.0 107 71
2 568.0 563.0 110 79
6 577.0 4995.0 572 380
6 588.0 4079.0 22 19
6 607.0 709.0 35 37
6 607.0 3015.0 37 34
6 610.0 4055.0 31 26
6 635.0 4098.0 24 215
6 645.0 2980.0 39 27
6 646.0 654.0 56 49
6 672.0 4351.0 62 31
6 683.0 3039.0 212 25
6 687.0 728.0 207 40
6 688.0 2940.0 36 27
6 703.0 4127.0 58 57
6 710.0 593.0 49 65
6 716.0 4438.0 237 355
6 718.0 1745.0 228 362
6 723.0 2898.0 34 35
6 768.0 2881.0 57 54
6 772.0 574.0 53 62
6 825.0 219.0 78 39
6 828.0 318.0 62 61
6 861.0 635.0 70 39
6 863.0 2942.0 64 35
6 960.0 1729.0 574 383
3 974.0 1130.0 355 53
6 976.0 426.0 25 30
6 1001.0 398.0 31 34
6 1022.0 450.0 20 211
6 1053.0 699.0 71 39
6 1091.0 477.0 56 64
6 1158.0 2728.0 28 25
6 1182.0 2707.0 35 16
6 1213.0 2751.0 24 216
6 1245.0 3005.0 71 33
4 1256.0 0.0 1203 143
6 1279.0 2784.0 58 60
6 1291.0 3279.0 236 367
6 1404.0 218.0 71 39
6 1405.0 313.0 62 68
4 1524.0 5630.0 1251 127
3 1542.0 2183.0 543 536
3 1613.0 1374.0 417 65
3 1737.0 538.0 359 83
3 1935.0 5159.0 359 65
3 1995.0 1180.0 232 66
6 2056.0 3282.0 243 365
4 2277.0 2172.0 506 277
4 2301.0 2876.0 99 69
6 2310.0 3886.0 31 23
6 2333.0 3013.0 31 33
6 2335.0 3861.0 34 25
6 2362.0 3907.0 34 217
6 2367.0 2987.0 34 23
6 2401.0 2954.0 47 23
6 2402.0 4154.0 65 40
6 2408.0 3037.0 217 29
6 2431.0 3933.0 55 63
6 2440.0 2921.0 36 19
6 2444.0 596.0 243 365
4 2456.0 0.0 421 142
6 2495.0 2881.0 59 60
6 2590.0 2940.0 70 36
4 2779.0 5219.0 101 540
4 2780.0 4409.0 97 811
4 2783.0 3522.0 94 884
4 2784.0 145.0 98 918
4 2784.0 1065.0 94 747
4 2784.0 1814.0 95 859
4 2784.0 2674.0 94 849
